1
10
Linus Torvalds
Partido Linux
1
20
Bill Gates
Partido Micro
1
30
Ada Lovelace
Partido Code
1
40
Elon Musk
Partido X
1
50
Candidato Null
Partido Void
3
10000000000
20
3
10000000001
20
3
10000000002
10
3
10000000003
20
3
10000000004
10
3
10000000005
10
3
10000000006
20
3
10000000007
10
3
10000000008
10
3
10000000009
10
9
3
10000000010
10
3
10000000011
10
3
10000000012
20
9
3
10000000013
20
3
10000000014
20
9
3
10000000015
20
3
10000000016
10
3
10000000017
20
9
3
10000000018
10
3
10000000019
10
3
10000000020
20
3
10000000021
20
3
10000000022
40
3
10000000023
10
3
10000000024
20
3
10000000025
40
3
10000000026
20
3
10000000027
10
3
10000000028
10
9
3
10000000029
40
3
10000000030
20
3
10000000031
20
3
10000000032
20
3
10000000033
20
3
10000000034
20
3
10000000035
20
3
10000000036
10
3
10000000037
30
3
10000000038
40
3
10000000039
20
3
10000000040
20
3
10000000041
30
3
10000000042
40
3
10000000043
20
3
10000000044
20
3
10000000045
20
3
10000000046
10
3
10000000047
10
3
10000000048
10
3
10000000049
999
3
10000000050
20
3
10000000051
20
3
10000000052
20
3
10000000053
10
3
10000000054
10
3
10000000055
20
3
10000000056
40
3
10000000057
10
3
10000000058
40
3
10000000059
30
9
3
10000000060
10
3
10000000061
10
3
10000000062
20
3
10000000063
20
3
10000000064
30
3
10000000065
10
3
10000000066
10
3
10000000067
10
3
10000000068
30
3
10000000069
10
3
10000000070
20
3
10000000071
10
3
10000000072
20
3
10000000073
40
3
10000000074
20
3
10000000075
10
3
10000000076
40
3
10000000077
20
3
10000000078
20
3
10000000079
20
3
10000000080
10
3
10000000081
10
3
10000000082
10
3
10000000083
20
3
10000000084
10
3
10000000085
30
3
10000000086
10
3
10000000087
20
3
10000000088
20
3
10000000089
10
3
10000000090
10
3
10000000091
20
3
10000000092
20
3
10000000093
10
9
3
10000000094
10
9
3
10000000095
10
3
10000000096
50
3
10000000097
30
3
10000000098
10
3
10000000099
40
3
10000000100
30
3
10000000101
999
9
3
10000000102
30
3
10000000103
10
3
10000000104
30
3
10000000105
10
3
10000000106
10
9
3
10000000107
10
3
10000000108
10
3
10000000109
40
3
10000000110
10
3
10000000111
50
3
10000000112
10
3
10000000113
20
3
10000000114
30
3
10000000115
30
3
10000000116
20
9
3
10000000117
40
3
10000000118
10
3
10000000119
20
3
10000000120
30
3
10000000121
20
3
10000000122
50
3
10000000123
50
3
10000000124
30
3
10000000125
10
3
10000000126
999
3
10000000127
50
9
3
10000000128
10
3
10000000129
10
3
10000000130
10
3
10000000131
20
3
10000000132
20
3
10000000133
10
3
10000000134
20
3
10000000135
20
3
10000000136
10
3
10000000137
10
3
10000000138
10
3
10000000139
40
3
10000000140
999
3
10000000141
20
3
10000000142
10
3
10000000143
10
3
10000000144
20
3
10000000145
30
3
10000000146
10
3
10000000147
20
3
10000000148
10
3
10000000149
10
3
10000000150
999
3
10000000151
50
3
10000000152
10
3
10000000153
10
3
10000000154
20
3
10000000155
10
9
3
10000000156
10
3
10000000157
20
3
10000000158
10
3
10000000159
30
3
10000000160
20
3
10000000161
40
3
10000000162
20
3
10000000163
10
3
10000000164
10
3
10000000165
30
3
10000000166
10
3
10000000167
10
3
10000000168
10
3
10000000169
20
3
10000000170
10
3
10000000171
30
3
10000000172
40
3
10000000173
30
3
10000000174
40
3
10000000175
20
3
10000000176
20
3
10000000177
30
3
10000000178
10
3
10000000179
40
3
10000000180
30
3
10000000181
10
3
10000000182
40
3
10000000183
10
3
10000000184
30
3
10000000185
10
3
10000000186
10
3
10000000187
40
3
10000000188
20
3
10000000189
10
3
10000000190
40
3
10000000191
30
3
10000000192
20
3
10000000193
10
3
10000000194
50
3
10000000195
30
3
10000000196
30
3
10000000197
20
3
10000000198
10
9
3
10000000199
10
3
10000000200
10
3
10000000201
30
3
10000000202
10
3
10000000203
30
3
10000000204
20
3
10000000205
10
3
10000000206
10
3
10000000207
10
3
10000000208
10
3
10000000209
30
3
10000000210
30
3
10000000211
10
3
10000000212
30
3
10000000213
10
9
3
10000000214
10
3
10000000215
40
3
10000000216
10
3
10000000217
10
3
10000000218
30
3
10000000219
30
3
10000000220
10
3
10000000221
30
3
10000000222
30
3
10000000223
30
3
10000000224
30
3
10000000225
20
3
10000000226
20
3
10000000227
10
3
10000000228
30
3
10000000229
10
3
10000000230
20
3
10000000231
30
9
3
10000000232
20
3
10000000233
10
3
10000000234
10
3
10000000235
10
3
10000000236
40
3
10000000237
10
9
3
10000000238
10
3
10000000239
20
3
10000000240
30
3
10000000241
20
3
10000000242
40
3
10000000243
30
3
10000000244
30
3
10000000245
20
3
10000000246
20
9
3
10000000247
10
3
10000000248
20
3
10000000249
10
3
10000000250
40
3
10000000251
20
3
10000000252
10
3
10000000253
10
3
10000000254
10
3
10000000255
10
9
3
10000000256
20
3
10000000257
30
9
3
10000000258
50
3
10000000259
10
3
10000000260
40
3
10000000261
10
3
10000000262
10
3
10000000263
20
3
10000000264
20
3
10000000265
10
3
10000000266
50
3
10000000267
10
3
10000000268
10
3
10000000269
20
3
10000000270
50
3
10000000271
10
3
10000000272
50
3
10000000273
20
3
10000000274
10
3
10000000275
20
3
10000000276
40
3
10000000277
10
3
10000000278
20
3
10000000279
20
3
10000000280
50
3
10000000281
10
3
10000000282
30
3
10000000283
10
3
10000000284
10
3
10000000285
10
3
10000000286
40
3
10000000287
10
3
10000000288
20
3
10000000289
20
9
3
10000000290
50
3
10000000291
30
3
10000000292
20
3
10000000293
40
3
10000000294
10
3
10000000295
10
3
10000000296
30
3
10000000297
10
3
10000000298
40
3
10000000299
10
3
10000000300
20
3
10000000301
20
3
10000000302
50
3
10000000303
10
3
10000000304
40
3
10000000305
30
3
10000000306
20
3
10000000307
10
3
10000000308
10
3
10000000309
20
3
10000000310
20
3
10000000311
40
3
10000000312
30
3
10000000313
20
3
10000000314
10
3
10000000315
20
3
10000000316
10
3
10000000317
10
3
10000000318
10
3
10000000319
10
3
10000000320
10
3
10000000321
999
3
10000000322
10
3
10000000323
10
3
10000000324
20
3
10000000325
10
3
10000000326
30
3
10000000327
30
3
10000000328
30
3
10000000329
10
3
10000000330
40
3
10000000331
30
3
10000000332
10
9
3
10000000333
10
3
10000000334
10
3
10000000335
10
3
10000000336
30
3
10000000337
10
3
10000000338
20
3
10000000339
50
3
10000000340
10
3
10000000341
10
3
10000000342
20
3
10000000343
30
3
10000000344
10
3
10000000345
10
3
10000000346
10
3
10000000347
30
3
10000000348
20
3
10000000349
30
3
10000000350
10
3
10000000351
10
3
10000000352
10
3
10000000353
10
3
10000000354
10
3
10000000355
40
3
10000000356
10
3
10000000357
10
3
10000000358
10
3
10000000359
40
3
10000000360
10
3
10000000361
10
3
10000000362
10
3
10000000363
40
3
10000000364
10
3
10000000365
30
3
10000000366
10
3
10000000367
30
3
10000000368
10
3
10000000369
999
3
10000000370
10
3
10000000371
10
3
10000000372
30
3
10000000373
30
3
10000000374
20
3
10000000375
10
3
10000000376
20
3
10000000377
20
3
10000000378
10
3
10000000379
50
3
10000000380
10
3
10000000381
10
3
10000000382
10
3
10000000383
40
3
10000000384
40
3
10000000385
40
3
10000000386
10
3
10000000387
10
3
10000000388
10
3
10000000389
30
3
10000000390
10
3
10000000391
10
3
10000000392
10
3
10000000393
20
3
10000000394
10
3
10000000395
20
3
10000000396
999
3
10000000397
10
3
10000000398
20
3
10000000399
10
3
10000000400
10
3
10000000401
20
3
10000000402
10
3
10000000403
10
3
10000000404
20
3
10000000405
20
9
3
10000000406
30
3
10000000407
10
3
10000000408
40
3
10000000409
40
3
10000000410
20
3
10000000411
20
9
3
10000000412
40
3
10000000413
20
3
10000000414
20
3
10000000415
20
3
10000000416
10
3
10000000417
10
3
10000000418
50
3
10000000419
10
3
10000000420
50
3
10000000421
10
3
10000000422
20
3
10000000423
40
3
10000000424
10
9
3
10000000425
20
3
10000000426
50
3
10000000427
10
3
10000000428
10
3
10000000429
10
3
10000000430
20
3
10000000431
30
3
10000000432
10
3
10000000433
10
3
10000000434
10
9
3
10000000435
10
3
10000000436
20
3
10000000437
30
3
10000000438
30
3
10000000439
20
3
10000000440
30
3
10000000441
50
3
10000000442
30
3
10000000443
10
3
10000000444
40
3
10000000445
10
3
10000000446
50
3
10000000447
40
3
10000000448
30
3
10000000449
10
3
10000000450
20
3
10000000451
10
3
10000000452
10
3
10000000453
10
3
10000000454
40
3
10000000455
10
3
10000000456
10
3
10000000457
999
3
10000000458
10
3
10000000459
10
3
10000000460
20
3
10000000461
30
3
10000000462
20
3
10000000463
20
3
10000000464
50
3
10000000465
10
3
10000000466
10
3
10000000467
10
3
10000000468
10
3
10000000469
40
3
10000000470
50
3
10000000471
10
3
10000000472
20
3
10000000473
10
3
10000000474
10
3
10000000475
20
3
10000000476
10
3
10000000477
10
3
10000000478
10
3
10000000479
10
3
10000000480
10
3
10000000481
20
9
3
10000000482
30
3
10000000483
10
3
10000000484
20
3
10000000485
20
3
10000000486
20
3
10000000487
10
3
10000000488
10
3
10000000489
10
3
10000000490
10
3
10000000491
30
3
10000000492
10
3
10000000493
40
3
10000000494
50
9
3
10000000495
20
3
10000000496
20
3
10000000497
30
3
10000000498
30
3
10000000499
10
3
10000000500
30
3
10000000501
20
3
10000000502
50
3
10000000503
10
3
10000000504
10
3
10000000505
10
3
10000000506
40
3
10000000507
20
3
10000000508
10
3
10000000509
40
3
10000000510
20
3
10000000511
20
3
10000000512
10
3
10000000513
20
3
10000000514
10
3
10000000515
40
9
3
10000000516
10
3
10000000517
50
3
10000000518
10
3
10000000519
10
3
10000000520
999
3
10000000521
30
3
10000000522
10
3
10000000523
40
3
10000000524
20
3
10000000525
10
3
10000000526
10
3
10000000527
10
3
10000000528
20
3
10000000529
10
3
10000000530
20
3
10000000531
10
3
10000000532
30
3
10000000533
50
3
10000000534
40
3
10000000535
10
3
10000000536
20
3
10000000537
10
3
10000000538
10
3
10000000539
10
3
10000000540
20
3
10000000541
20
3
10000000542
20
9
3
10000000543
10
3
10000000544
30
3
10000000545
10
3
10000000546
30
3
10000000547
20
3
10000000548
10
3
10000000549
20
3
10000000550
10
3
10000000551
10
3
10000000552
20
3
10000000553
20
3
10000000554
10
3
10000000555
20
3
10000000556
40
3
10000000557
30
3
10000000558
20
3
10000000559
10
3
10000000560
10
3
10000000561
10
9
3
10000000562
10
3
10000000563
10
3
10000000564
10
3
10000000565
10
3
10000000566
10
3
10000000567
30
3
10000000568
20
3
10000000569
10
3
10000000570
10
3
10000000571
10
3
10000000572
20
3
10000000573
30
3
10000000574
40
3
10000000575
10
3
10000000576
10
3
10000000577
50
3
10000000578
20
3
10000000579
40
3
10000000580
40
3
10000000581
10
3
10000000582
20
3
10000000583
20
3
10000000584
10
3
10000000585
999
3
10000000586
10
3
10000000587
50
3
10000000588
20
3
10000000589
30
3
10000000590
50
3
10000000591
10
9
3
10000000592
10
9
3
10000000593
30
9
3
10000000594
30
3
10000000595
20
3
10000000596
10
3
10000000597
20
3
10000000598
10
3
10000000599
10
3
10000000600
10
3
10000000601
40
3
10000000602
30
3
10000000603
999
3
10000000604
40
3
10000000605
20
3
10000000606
10
3
10000000607
10
3
10000000608
10
3
10000000609
10
3
10000000610
20
3
10000000611
20
3
10000000612
10
3
10000000613
30
9
3
10000000614
10
3
10000000615
10
3
10000000616
20
3
10000000617
30
3
10000000618
20
3
10000000619
40
3
10000000620
20
3
10000000621
30
3
10000000622
10
3
10000000623
50
3
10000000624
10
3
10000000625
20
3
10000000626
30
3
10000000627
10
3
10000000628
20
3
10000000629
40
3
10000000630
10
3
10000000631
10
3
10000000632
10
3
10000000633
20
3
10000000634
20
3
10000000635
10
3
10000000636
20
3
10000000637
20
3
10000000638
20
3
10000000639
20
3
10000000640
50
3
10000000641
10
3
10000000642
10
3
10000000643
30
3
10000000644
50
3
10000000645
20
3
10000000646
20
3
10000000647
10
3
10000000648
20
3
10000000649
999
3
10000000650
20
3
10000000651
20
3
10000000652
10
3
10000000653
20
3
10000000654
20
3
10000000655
40
3
10000000656
30
3
10000000657
50
3
10000000658
50
3
10000000659
30
3
10000000660
10
3
10000000661
30
3
10000000662
10
3
10000000663
10
3
10000000664
10
3
10000000665
40
3
10000000666
10
3
10000000667
40
3
10000000668
10
3
10000000669
50
3
10000000670
10
3
10000000671
20
3
10000000672
50
3
10000000673
30
3
10000000674
30
3
10000000675
10
3
10000000676
10
3
10000000677
10
3
10000000678
10
3
10000000679
40
3
10000000680
40
3
10000000681
10
3
10000000682
20
3
10000000683
30
3
10000000684
999
3
10000000685
50
3
10000000686
20
3
10000000687
20
3
10000000688
10
3
10000000689
30
3
10000000690
10
3
10000000691
10
3
10000000692
10
3
10000000693
50
3
10000000694
10
3
10000000695
10
3
10000000696
50
3
10000000697
30
3
10000000698
20
3
10000000699
10
3
10000000700
30
3
10000000701
30
3
10000000702
10
3
10000000703
10
3
10000000704
10
3
10000000705
10
3
10000000706
30
3
10000000707
10
3
10000000708
10
3
10000000709
30
3
10000000710
50
3
10000000711
10
3
10000000712
20
3
10000000713
10
3
10000000714
10
3
10000000715
10
3
10000000716
50
3
10000000717
10
3
10000000718
30
3
10000000719
20
3
10000000720
20
3
10000000721
40
3
10000000722
10
3
10000000723
20
3
10000000724
20
3
10000000725
40
3
10000000726
999
3
10000000727
50
3
10000000728
40
3
10000000729
20
3
10000000730
30
3
10000000731
10
3
10000000732
10
3
10000000733
10
3
10000000734
20
3
10000000735
20
3
10000000736
10
3
10000000737
10
3
10000000738
20
3
10000000739
10
3
10000000740
30
9
3
10000000741
10
3
10000000742
10
3
10000000743
20
3
10000000744
10
3
10000000745
10
3
10000000746
10
3
10000000747
30
9
3
10000000748
10
3
10000000749
20
3
10000000750
10
3
10000000751
20
9
3
10000000752
20
3
10000000753
10
3
10000000754
10
3
10000000755
10
3
10000000756
999
3
10000000757
20
3
10000000758
10
3
10000000759
10
3
10000000760
10
3
10000000761
20
3
10000000762
30
3
10000000763
10
3
10000000764
20
3
10000000765
20
3
10000000766
10
3
10000000767
10
3
10000000768
20
3
10000000769
10
3
10000000770
50
3
10000000771
30
3
10000000772
40
3
10000000773
30
3
10000000774
10
3
10000000775
10
3
10000000776
10
3
10000000777
20
3
10000000778
20
3
10000000779
10
3
10000000780
10
3
10000000781
20
3
10000000782
10
3
10000000783
10
3
10000000784
10
3
10000000785
30
3
10000000786
10
3
10000000787
10
3
10000000788
20
3
10000000789
20
3
10000000790
10
3
10000000791
20
3
10000000792
10
3
10000000793
20
3
10000000794
20
3
10000000795
20
3
10000000796
20
3
10000000797
20
3
10000000798
10
3
10000000799
50
4
5
