10000000000
10000000001
10000000002
10000000003
10000000004
10000000005
10000000006
10000000007
10000000008
10000000009
10000000010
10000000011
10000000012
10000000013
10000000014
10000000015
10000000016
10000000017
10000000018
10000000019
10000000020
10000000021
10000000022
10000000023
10000000024
10000000025
10000000026
10000000027
10000000028
10000000029
10000000030
10000000031
10000000032
10000000033
10000000034
10000000035
10000000036
10000000037
10000000038
10000000039
10000000040
10000000041
10000000042
10000000043
10000000044
10000000045
10000000046
10000000047
10000000048
10000000050
10000000051
10000000052
10000000053
10000000054
10000000055
10000000056
10000000057
10000000058
10000000059
10000000060
10000000061
10000000062
10000000063
10000000064
10000000065
10000000066
10000000067
10000000068
10000000069
10000000070
10000000071
10000000072
10000000073
10000000074
10000000075
10000000076
10000000077
10000000078
10000000079
10000000080
10000000081
10000000082
10000000083
10000000084
10000000085
10000000086
10000000087
10000000088
10000000089
10000000090
10000000091
10000000092
10000000093
10000000094
10000000095
10000000096
10000000097
10000000098
10000000099
10000000100
10000000102
10000000103
10000000104
10000000105
10000000106
10000000107
10000000108
10000000109
10000000110
10000000111
10000000112
10000000113
10000000114
10000000115
10000000116
10000000117
10000000118
10000000119
10000000120
10000000121
10000000122
10000000123
10000000124
10000000125
10000000127
10000000128
10000000129
10000000130
10000000131
10000000132
10000000133
10000000134
10000000135
10000000136
10000000137
10000000138
10000000139
10000000141
10000000142
10000000143
10000000144
10000000145
10000000146
10000000147
10000000148
10000000149
10000000151
10000000152
10000000153
10000000154
10000000155
10000000156
10000000157
10000000158
10000000159
10000000160
10000000161
10000000162
10000000163
10000000164
10000000165
10000000166
10000000167
10000000168
10000000169
10000000170
10000000171
10000000172
10000000173
10000000174
10000000175
10000000176
10000000177
10000000178
10000000179
10000000180
10000000181
10000000182
10000000183
10000000184
10000000185
10000000186
10000000187
10000000188
10000000189
10000000190
10000000191
10000000192
10000000193
10000000194
10000000195
10000000196
10000000197
10000000198
10000000199
10000000200
10000000201
10000000202
10000000203
10000000204
10000000205
10000000206
10000000207
10000000208
10000000209
10000000210
10000000211
10000000212
10000000213
10000000214
10000000215
10000000216
10000000217
10000000218
10000000219
10000000220
10000000221
10000000222
10000000223
10000000224
10000000225
10000000226
10000000227
10000000228
10000000229
10000000230
10000000231
10000000232
10000000233
10000000234
10000000235
10000000236
10000000237
10000000238
10000000239
10000000240
10000000241
10000000242
10000000243
10000000244
10000000245
10000000246
10000000247
10000000248
10000000249
10000000250
10000000251
10000000252
10000000253
10000000254
10000000255
10000000256
10000000257
10000000258
10000000259
10000000260
10000000261
10000000262
10000000263
10000000264
10000000265
10000000266
10000000267
10000000268
10000000269
10000000270
10000000271
10000000272
10000000273
10000000274
10000000275
10000000276
10000000277
10000000278
10000000279
10000000280
10000000281
10000000282
10000000283
10000000284
10000000285
10000000286
10000000287
10000000288
10000000289
10000000290
10000000291
10000000292
10000000293
10000000294
10000000295
10000000296
10000000297
10000000298
10000000299
10000000300
10000000301
10000000302
10000000303
10000000304
10000000305
10000000306
10000000307
10000000308
10000000309
10000000310
10000000311
10000000312
10000000313
10000000314
10000000315
10000000316
10000000317
10000000318
10000000319
10000000320
10000000322
10000000323
10000000324
10000000325
10000000326
10000000327
10000000328
10000000329
10000000330
10000000331
10000000332
10000000333
10000000334
10000000335
10000000336
10000000337
10000000338
10000000339
10000000340
10000000341
10000000342
10000000343
10000000344
10000000345
10000000346
10000000347
10000000348
10000000349
10000000350
10000000351
10000000352
10000000353
10000000354
10000000355
10000000356
10000000357
10000000358
10000000359
10000000360
10000000361
10000000362
10000000363
10000000364
10000000365
10000000366
10000000367
10000000368
10000000370
10000000371
10000000372
10000000373
10000000374
10000000375
10000000376
10000000377
10000000378
10000000379
10000000380
10000000381
10000000382
10000000383
10000000384
10000000385
10000000386
10000000387
10000000388
10000000389
10000000390
10000000391
10000000392
10000000393
10000000394
10000000395
10000000397
10000000398
10000000399
10000000400
10000000401
10000000402
10000000403
10000000404
10000000405
10000000406
10000000407
10000000408
10000000409
10000000410
10000000411
10000000412
10000000413
10000000414
10000000415
10000000416
10000000417
10000000418
10000000419
10000000420
10000000421
10000000422
10000000423
10000000424
10000000425
10000000426
10000000427
10000000428
10000000429
10000000430
10000000431
10000000432
10000000433
10000000434
10000000435
10000000436
10000000437
10000000438
10000000439
10000000440
10000000441
10000000442
10000000443
10000000444
10000000445
10000000446
10000000447
10000000448
10000000449
10000000450
10000000451
10000000452
10000000453
10000000454
10000000455
10000000456
10000000458
10000000459
10000000460
10000000461
10000000462
10000000463
10000000464
10000000465
10000000466
10000000467
10000000468
10000000469
10000000470
10000000471
10000000472
10000000473
10000000474
10000000475
10000000476
10000000477
10000000478
10000000479
10000000480
10000000481
10000000482
10000000483
10000000484
10000000485
10000000486
10000000487
10000000488
10000000489
10000000490
10000000491
10000000492
10000000493
10000000494
10000000495
10000000496
10000000497
10000000498
10000000499
10000000500
10000000501
10000000502
10000000503
10000000504
10000000505
10000000506
10000000507
10000000508
10000000509
10000000510
10000000511
10000000512
10000000513
10000000514
10000000515
10000000516
10000000517
10000000518
10000000519
10000000521
10000000522
10000000523
10000000524
10000000525
10000000526
10000000527
10000000528
10000000529
10000000530
10000000531
10000000532
10000000533
10000000534
10000000535
10000000536
10000000537
10000000538
10000000539
10000000540
10000000541
10000000542
10000000543
10000000544
10000000545
10000000546
10000000547
10000000548
10000000549
10000000550
10000000551
10000000552
10000000553
10000000554
10000000555
10000000556
10000000557
10000000558
10000000559
10000000560
10000000561
10000000562
10000000563
10000000564
10000000565
10000000566
10000000567
10000000568
10000000569
10000000570
10000000571
10000000572
10000000573
10000000574
10000000575
10000000576
10000000577
10000000578
10000000579
10000000580
10000000581
10000000582
10000000583
10000000584
10000000586
10000000587
10000000588
10000000589
10000000590
10000000591
10000000592
10000000593
10000000594
10000000595
10000000596
10000000597
10000000598
10000000599
10000000600
10000000601
10000000602
10000000604
10000000605
10000000606
10000000607
10000000608
10000000609
10000000610
10000000611
10000000612
10000000613
10000000614
10000000615
10000000616
10000000617
10000000618
10000000619
10000000620
10000000621
10000000622
10000000623
10000000624
10000000625
10000000626
10000000627
10000000628
10000000629
10000000630
10000000631
10000000632
10000000633
10000000634
10000000635
10000000636
10000000637
10000000638
10000000639
10000000640
10000000641
10000000642
10000000643
10000000644
10000000645
10000000646
10000000647
10000000648
10000000650
10000000651
10000000652
10000000653
10000000654
10000000655
10000000656
10000000657
10000000658
10000000659
10000000660
10000000661
10000000662
10000000663
10000000664
10000000665
10000000666
10000000667
10000000668
10000000669
10000000670
10000000671
10000000672
10000000673
10000000674
10000000675
10000000676
10000000677
10000000678
10000000679
10000000680
10000000681
10000000682
10000000683
10000000685
10000000686
10000000687
10000000688
10000000689
10000000690
10000000691
10000000692
10000000693
10000000694
10000000695
10000000696
10000000697
10000000698
10000000699
10000000700
10000000701
10000000702
10000000703
10000000704
10000000705
10000000706
10000000707
10000000708
10000000709
10000000710
10000000711
10000000712
10000000713
10000000714
10000000715
10000000716
10000000717
10000000718
10000000719
10000000720
10000000721
10000000722
10000000723
10000000724
10000000725
10000000727
10000000728
10000000729
10000000730
10000000731
10000000732
10000000733
10000000734
10000000735
10000000736
10000000737
10000000738
10000000739
10000000740
10000000741
10000000742
10000000743
10000000744
10000000745
10000000746
10000000747
10000000748
10000000749
10000000750
10000000751
10000000752
10000000753
10000000754
10000000755
10000000757
10000000758
10000000759
10000000760
10000000761
10000000762
10000000763
10000000764
10000000765
10000000766
10000000767
10000000768
10000000769
10000000770
10000000771
10000000772
10000000773
10000000774
10000000775
10000000776
10000000777
10000000778
10000000779
10000000780
10000000781
10000000782
10000000783
10000000784
10000000785
10000000786
10000000787
10000000788
10000000789
10000000790
10000000791
10000000792
10000000793
10000000794
10000000795
10000000796
10000000797
10000000798
10000000799
